18	21	17	22	19	16	17	17	20	36	75	46	37	53	53	32
20	20	15	84	20	27	38	27	20	21	17	17	19	20	20	18
19	20	18	290	17	19	18	17	20	22	18	21	22	21	19	18
22	21	17	21	19	18	17	17	21	24	123	39	21	21	26	25
19	22	16	19	20	18	17	18	19	25	331	36	21	30	30	20
20	19	16	20	19	20	17	16	17	43	22	25	20	23	19	77
20	128	15	39	33	50	19	62	19	22	20	22	19	20	18	18
20	23	18	21	22	19	17	18	19	48	75	20	24	31	27	24
21	21	16	19	19	19	16	17	19	93	71	32	32	51	44	41
20	18	17	20	20	18	16	19	20	44	396	31	31	31	44	25
20	18	17	23	22	16	16	16	18	22	41	39	38	31	26	20
18	20	16	20	26	21	17	17	18	27	32	20	19	276	19	18
18	17	15	21	19	15	15	18	19	30	43	28	20	26	111	29
19	19	16	20	18	18	17	18	19	23	116	35	19	31	39	38
19	17	16	19	19	18	16	17	21	26	100	24	23	28	24	27
17	23	16	107	48	59	48	21	18	23	18	21	19	20	17	16
21	22	15	21	19	320	17	18	21	22	14	19	18	20	18	20
21	18	16	29	25	20	16	19	22	104	1996	154	148	196	178	114
20	18	16	21	20	18	17	19	21	23	19	212	21	24	28	22
27	21	17	19	21	22	18	16	24	50	25	27	31	22	19	49
19	19	16	20	22	20	18	18	18	24	40	297	25	26	30	22
0	0	0	0	0	0	0	0	0	0	0	0	0	0	0	0
18	39	15	35	33	28	33	28	19	21	20	19	22	20	18	18
22	18	17	22	20	17	18	17	21	26	464	129	29	53	70	43
20	19	16	118	26	34	39	25	19	23	17	20	18	21	18	19
21	19	15	21	19	19	17	17	20	23	25	23	296	19	18	23
21	19	17	19	19	23	15	17	20	49	29	35	23	21	17	124
26	193	16	25	33	52	26	51	19	22	14	22	20	22	16	15
22	188	16	23	25	30	22	32	19	20	18	23	23	24	19	18
19	119	15	21	18	19	18	22	20	21	17	20	22	20	18	17
19	23	15	21	21	18	19	18	19	25	55	167	40	33	39	19
20	21	15	21	22	18	16	17	19	69	111	56	55	46	66	68
19	86	17	48	42	44	51	45	19	24	19	20	18	23	18	20
19	21	16	22	20	19	17	16	20	23	20	20	22	19	19	308
20	18	16	21	22	17	17	16	20	34	75	44	25	76	165	19
20	135	17	78	58	78	58	50	18	23	17	20	23	21	15	17
18	19	18	21	19	16	18	17	20	22	30	62	23	23	27	21
19	21	16	22	18	18	17	15	21	60	217	82	73	105	170	74
19	52	16	33	30	24	14	55	20	22	17	23	20	22	20	16
50	21	17	22	21	20	16	17	143	24	17	20	24	27	16	22
36	1967	16	65	56	106	81	266	19	23	17	22	41	29	17	18
20	20	14	21	19	19	16	18	21	45	98	44	23	42	330	25
19	1210	16	24	28	27	23	64	23	20	17	20	20	19	17	17
33	85	17	22	30	27	17	43	24	23	15	23	19	22	16	17
19	20	16	22	19	20	17	17	18	24	145	20	20	21	20	19
20	21	15	23	35	33	16	15	28	206	567	179	103	155	1751	111
27	73	16	45	32	19	15	123	21	24	15	22	20	22	17	17
21	17	16	23	22	16	18	18	21	37	107	29	24	162	27	18
61	19	15	29	71	28	16	17	44	234	550	135	140	737	619	322
53	24	18	37	58	49	18	17	44	520	132	113	118	125	124	260
18	43	15	30	25	39	63	24	19	20	16	21	21	20	17	18
18	53	15	24	25	43	17	42	23	23	16	27	22	19	16	17
19	80	17	67	36	46	33	28	20	23	16	20	19	22	16	19
19	21	14	25	36	97	22	15	18	21	15	23	20	20	17	16
729	27	17	24	38	40	17	30	63	27	15	33	31	23	17	19
20	37	21	404	59	65	86	49	20	23	14	23	23	23	15	16
18	43	17	37	25	22	24	51	19	22	15	20	19	21	19	19
20	18	16	21	20	17	17	19	21	21	52	27	27	97	34	19
21	21	15	20	437	26	15	18	21	23	13	21	19	20	16	14
19	21	16	20	19	19	17	17	19	24	1307	27	20	24	31	25
20	18	15	21	21	18	16	17	16	23	70	41	64	107	45	17
18	63	16	48	43	54	42	32	19	20	16	22	20	22	18	21
26	44	17	50	28	2653	22	24	20	24	16	21	45	21	15	18
20	20	16	21	20	20	17	19	128	21	18	22	21	23	17	18
21	28	16	25	19	158	17	16	19	22	18	23	21	21	19	21
18	18	17	18	19	17	19	16	20	24	60	27	23	114	41	21
20	47	15	39	34	38	44	27	20	21	17	21	18	20	15	15
19	30	15	33	21	31	108	14	20	22	16	21	20	20	16	17
19	61	16	37	21	21	27	33	20	24	17	20	21	24	16	19
19	264	17	23	24	24	16	41	20	23	18	20	20	22	19	20
21	61	16	69	62	111	272	26	19	20	15	18	23	22	18	18
19	18	16	20	19	16	18	18	19	24	33	32	72	40	20	18
20	20	17	163	45	29	22	17	21	21	18	20	21	22	19	18
20	18	17	19	21	16	15	18	20	22	47	23	20	22	593	18
19	20	15	19	20	20	17	19	19	22	157	23	21	20	22	18
21	22	15	21	20	16	16	20	19	23	24	25	195	25	18	18
79	44	16	38	25	18	18	17	769	27	20	22	20	40	18	30
21	19	16	21	20	18	17	20	20	22	57	29	29	124	30	16
19	25	15	36	21	36	93	19	18	23	16	22	21	21	16	19
20	161	17	21	20	23	18	19	19	22	18	21	22	21	16	17
21	20	15	22	21	20	17	19	19	45	70	32	20	25	427	21
19	19	16	23	19	19	18	15	19	24	17	1064	18	22	21	18
20	19	17	20	21	18	15	19	21	41	41	25	25	21	74	38
20	18	16	23	20	18	17	18	20	23	131	33	24	30	29	18
20	21	15	21	21	19	17	16	21	22	30	22	21	97	19	19
19	18	16	20	19	19	18	18	21	44	102	30	27	30	29	25
38	23	16	24	24	22	16	16	21	41	22	21	29	28	21	49
146	24	17	23	25	40	17	20	48	46	23	57	36	29	19	31
20	17	17	25	26	17	16	18	21	23	36	196	30	22	47	19
20	24	15	21	21	17	15	16	20	28	44	20	18	21	54	19
18	21	16	20	20	20	16	17	21	25	78	28	21	763	19	19
18	39	17	25	21	18	16	99	22	22	15	20	20	21	18	20
72	77	16	47	28	20	16	21	34	24	18	21	21	42	17	21
20	19	17	27	36	30	16	18	27	95	942	557	200	287	1569	64
19	20	15	19	20	19	17	18	19	22	21	22	20	98	18	16
22	24	15	22	20	17	18	14	20	83	206	72	46	64	1413	30
21	147	16	31	22	27	16	32	20	24	16	21	19	21	17	18
20	21	15	20	21	20	18	18	19	22	75	44	45	26	34	18
180	17	16	19	21	22	17	18	27	34	18	21	20	21	18	19
209	51	16	43	50	38	17	29	95	23	16	28	41	38	16	20
19	21	15	23	19	21	16	15	20	55	32	28	26	21	19	169
21	19	15	19	28	43	18	19	29	101	139	84	42	28	33	1882
19	20	15	22	18	19	17	16	18	30	80	35	23	41	75	18
19	22	16	22	19	17	18	16	21	25	56	22	26	210	22	19
67	20	16	31	39	28	18	17	37	208	32	46	67	96	37	113
53	53	16	41	24	18	16	19	28	18	18	20	19	34	20	18
19	24	16	28	52	616	18	18	18	20	19	18	21	21	19	19
20	28	15	97	36	45	37	20	19	22	15	20	18	20	17	18
20	180	16	94	43	52	162	126	21	21	20	19	29	24	18	18
245	24	16	19	21	35	15	24	31	37	21	27	20	21	16	19
121	24	15	27	27	32	16	22	77	23	16	20	27	27	17	17
96	19	14	37	23	21	18	19	68	54	17	28	65	51	25	60
21	22	16	31	19	19	16	18	19	46	3021	90	28	75	110	62
20	19	17	110	21	18	19	19	20	22	16	21	20	21	17	18
20	20	16	20	19	16	17	18	21	87	21	20	23	27	24	31
20	18	17	26	33	21	15	17	18	33	67	118	21	45	54	42
80	141	16	48	53	69	16	81	37	21	16	22	37	28	16	18
22	51	16	22	23	27	19	24	17	25	370	27	20	41	29	26
19	20	16	20	20	16	19	18	22	21	18	697	20	21	21	19
19	19	15	22	18	17	17	15	19	31	266	146	244	114	76	22
20	19	17	21	21	16	16	17	21	34	30	24	19	21	19	887
20	20	17	20	20	18	16	18	20	35	75	33	28	61	116	21
19	36	17	40	31	138	59	18	21	25	20	24	20	22	18	18
18	21	15	20	19	19	16	18	20	34	48	29	22	23	26	19
19	21	14	40	73	201	21	19	17	23	18	21	20	19	16	17
24	22	15	29	20	18	19	17	21	93	18	21	27	42	27	55
20	23	16	21	19	18	17	17	20	23	195	30	19	27	34	26
20	18	17	20	20	18	18	18	19	34	28	20	19	21	95	17
19	21	15	21	19	21	20	19	20	47	19	23	22	25	88	25
20	19	17	19	20	17	16	17	19	22	72	119	27	29	31	22
19	21	17	342	18	16	20	17	21	20	20	20	20	21	18	19
19	20	16	20	22	18	15	20	19	29	38	32	22	22	18	1186
19	21	16	18	20	19	17	16	19	30	30	23	18	22	28	259
18	18	15	20	27	18	18	14	19	26	76	25	23	557	21	19
20	20	16	150	21	18	16	16	18	22	15	20	18	21	19	20
284	24	16	25	20	25	19	17	22	31	37	36	20	30	121	22
30	20	15	27	27	23	17	18	25	174	40	43	61	72	43	91
21	18	15	22	18	17	18	19	20	60	25	23	39	27	21	48
25	35	17	22	28	37	17	33	27	21	16	25	26	21	17	20
19	21	15	21	25	346	16	19	19	23	18	19	19	20	19	19
18	24	17	24	20	249	16	15	21	21	17	22	21	21	17	18
18	18	16	22	20	17	17	18	19	104	34	25	31	34	27	40
21	83	17	34	29	23	23	67	19	23	15	21	19	21	17	16
19	82	15	21	19	22	16	31	22	22	16	21	19	22	17	15
385	162	16	105	90	84	27	88	553	34	21	41	68	70	26	36
19	19	15	19	19	17	18	17	20	29	58	29	27	44	66	22
25	40	16	34	30	17	17	51	20	22	17	19	19	21	20	19
21	16	17	21	23	18	15	18	20	115	24	21	24	23	27	26
21	23	16	22	19	19	18	15	19	282	35	24	32	41	39	39
21	26	16	37	34	81	34	18	20	22	18	20	19	20	17	20
18	19	16	20	18	19	19	17	22	23	39	33	41	58	43	24
24	315	14	24	23	47	22	38	19	21	16	21	20	18	18	17
807	18	15	20	28	39	17	34	40	33	14	33	30	20	16	20
19	62	15	51	18	34	280	17	21	22	15	22	22	25	19	17
21	32	17	55	69	61	36	18	19	24	19	19	20	24	18	18
20	20	16	41	35	47	42	16	20	22	18	22	20	21	18	17
18	18	16	18	20	17	16	19	20	39	185	53	29	37	33	35
106	20	15	51	38	23	18	17	39	47	33	26	76	105	58	105
20	22	15	20	23	18	17	16	18	167	53	36	36	59	60	78
21	51	17	45	29	120	47	18	20	21	18	21	21	22	18	18
20	20	16	19	21	17	16	19	21	60	41	34	27	37	23	116
107	49	17	42	44	17	15	18	390	25	14	21	26	21	18	30
20	36	16	30	20	24	51	33	19	23	20	22	19	24	17	17
20	21	16	23	24	1625	20	18	20	21	16	21	22	22	15	18
19	226	15	28	23	33	37	34	20	22	17	19	25	22	18	20
19	20	16	22	19	18	15	17	21	28	83	29	25	1047	26	21
21	19	16	20	19	19	17	15	20	34	30	29	19	22	18	1069
20	21	17	20	22	20	16	17	18	57	220	73	87	261	146	25
23	61	17	40	28	24	29	54	22	22	17	20	19	21	19	18
19	18	17	21	19	16	16	18	20	22	23	21	20	21	18	790
21	61	16	28	29	19	18	45	19	22	16	20	21	21	17	19
20	19	15	21	20	19	17	18	18	91	14	22	22	33	24	32
20	19	17	20	20	17	16	17	21	24	180	19	18	23	23	22
362	24	16	23	19	22	18	17	20	24	17	21	20	18	19	19
20	39	16	231	307	165	26	20	20	22	15	21	28	22	19	17
20	18	17	19	20	19	14	16	21	24	39	25	25	118	29	20
21	17	16	20	21	17	17	17	21	24	65	51	22	32	21	19
20	26	15	20	23	18	19	16	16	45	140	59	59	50	43	34
55	161	14	89	45	38	30	414	21	23	16	23	24	28	18	19
41	1313	17	25	24	59	38	54	20	22	17	22	24	21	18	17
20	21	17	22	20	19	17	17	18	29	19	20	21	21	20	80
78	57	17	49	38	27	16	21	54	24	19	20	32	31	20	22
103	374	16	101	93	70	36	151	39	23	16	22	33	37	17	18
18	19	17	22	19	18	18	17	21	24	25	26	92	23	21	19
18	20	17	20	18	17	16	17	20	35	73	39	41	47	36	25
20	19	16	22	21	19	18	19	21	31	52	23	19	35	113	18
20	19	16	19	22	18	17	15	17	31	59	22	21	173	32	18
19	23	16	234	116	50	36	18	19	25	16	19	21	20	17	20
49	18	16	27	21	19	16	16	24	37	17	23	31	39	22	48
20	19	15	19	19	18	17	19	19	24	26	21	21	308	19	18
55	21	16	29	49	42	15	17	46	179	521	311	887	302	384	345
20	21	17	21	20	19	16	15	18	24	95	41	31	117	103	21
20	26	17	164	58	52	48	22	19	24	17	22	20	21	17	18
20	18	17	22	22	19	16	17	18	25	45	22	18	21	153	19
20	1540	18	21	22	40	32	45	22	21	16	22	21	22	18	18
20	23	18	25	26	19	17	16	19	25	111	186	24	39	101	38
19	112	16	33	38	34	24	72	20	25	14	20	21	20	15	19
21	19	16	21	22	18	17	17	20	45	17	20	29	34	22	42
29	103	16	33	42	35	20	64	26	22	18	22	21	21	17	18
19	20	16	20	19	18	18	17	19	23	17	408	19	22	17	20
19	21	17	201	21	19	17	18	19	24	16	21	19	22	17	16
21	19	17	21	21	17	15	20	23	46	56	30	28	39	46	33
19	20	16	22	18	18	17	17	20	22	45	22	23	56	43	16
20	164	16	82	39	50	46	42	20	25	16	21	20	25	17	19
19	23	15	21	20	17	18	17	20	28	50	31	27	35	29	17
20	20	15	21	21	18	18	16	19	22	23	22	71	42	18	18
18	21	15	19	20	20	17	16	21	39	116	52	61	57	62	34
19	21	16	20	21	18	18	18	21	80	31	23	27	30	34	46
22	21	17	17	20	17	17	16	20	23	37	26	21	21	79	54
21	206	15	22	23	43	23	52	21	23	15	23	26	20	16	18
28	353	15	21	18	34	23	33	18	23	17	21	21	19	18	18
20	19	17	20	22	20	16	19	19	33	103	24	27	24	24	25
21	286	16	20	20	30	26	20	18	21	18	21	19	21	17	16
20	20	16	22	19	18	16	17	20	61	55	31	30	28	18	201
19	20	15	22	19	18	15	19	20	53	22	23	22	27	26	26
17	21	17	20	19	17	15	18	21	68	101	28	44	37	36	45
20	18	16	22	19	18	14	17	19	22	19	20	148	29	18	18
20	23	17	485	20	19	23	19	21	21	17	20	19	22	15	19
38	21	16	42	24	17	17	19	63	20	16	18	23	31	18	32
21	22	15	20	21	20	18	17	18	45	55	35	33	36	50	65
20	23	16	26	31	19	16	16	27	180	1839	196	250	191	411	545
19	52	16	49	20	48	518	21	19	20	16	21	21	21	17	17
19	19	17	29	28	27	17	18	20	147	566	129	184	182	211	173
18	21	14	20	20	18	16	17	19	71	62	25	43	34	42	55
17	32	17	28	19	18	575	17	19	24	16	21	20	21	17	17
21	27	16	23	19	24	354	18	19	21	20	21	17	23	19	16
18	19	16	18	20	19	18	18	19	24	45	22	20	26	41	25
18	18	17	20	24	20	16	14	21	97	157	48	62	48	83	79
22	30	16	27	21	19	17	70	21	23	18	24	19	21	18	16
21	18	17	21	21	18	18	17	20	27	65	76	160	60	39	19
18	19	16	30	35	152	21	17	20	22	17	21	21	22	16	17
21	25	17	310	53	27	32	23	21	25	16	21	19	22	17	16
71	69	16	35	43	36	16	48	22	28	17	24	23	23	18	17
18	40	17	27	34	32	32	33	19	21	20	22	18	23	17	19
20	34	17	525	95	76	63	39	18	24	16	21	29	21	17	17
139	115	17	80	72	63	24	75	69	347	795	240	187	951	455	1942
18	68	17	99	74	86	60	33	19	21	19	21	20	23	18	18
20	27	15	21	18	18	16	138	19	22	17	21	19	20	17	19
23	30	16	22	21	18	20	335	21	46	418	34	28	32	26	32
47	135	17	57	27	25	23	2211	18	22	16	23	26	21	16	19
61	2685	16	106	102	90	70	187	26	22	17	22	53	33	18	19
103	17	18	29	25	21	18	20	43	24	16	23	28	21	15	23
31	18	16	22	28	19	16	15	20	1145	526	76	113	175	202	130
22	19	17	19	18	17	14	15	21	684	21	22	23	46	40	54
19	21	16	429	19	17	17	18	20	21	16	20	18	20	16	18
21	21	16	18	19	18	17	16	20	23	101	67	106	64	63	24
20	20	17	21	20	19	17	19	18	21	41	49	149	30	27	18
19	65	17	128	45	57	69	58	22	22	17	21	21	21	18	17
19	27	16	34	20	26	84	22	19	25	19	24	19	20	18	18
21	24	17	30	23	47	115	19	19	22	17	21	18	22	16	19
20	20	15	19	19	20	17	16	18	22	23	121	20	21	23	22
18	23	17	21	25	19	18	17	17	49	177	89	77	97	147	28
22	20	16	21	33	19	17	16	19	34	92	1162	380	94	121	40
177	42	15	38	30	23	17	20	82	22	17	25	30	25	19	20
20	25	17	46	73	209	29	18	19	24	18	22	19	22	17	17
19	20	16	20	23	18	18	17	19	25	62	86	397	60	32	18
19	58	16	47	36	252	50	20	18	24	19	20	26	18	17	16
18	21	17	18	18	17	19	17	21	23	114	69	74	40	38	21
475	1532	36	670	373	1560	910	1808	103	41	20	41	163	92	24	28
21	22	16	27	53	69	16	19	18	23	17	20	20	23	18	18
17	76	15	48	18	31	769	21	20	20	17	21	20	24	18	18
19	114	18	240	161	166	377	69	19	23	17	21	27	24	16	16
18	43	17	23	29	38	30	30	18	22	15	21	18	21	18	19
32	21	16	23	33	24	17	18	30	97	34	35	44	25	26	82
23	26	17	52	89	75	18	15	39	216	1378	1521	981	1799	1452	225
33	107	26	432	228	728	120	55	21	21	16	27	44	26	16	17
21	282	16	23	26	46	32	49	22	21	18	21	25	21	19	18
39	247	21	223	1296	363	278	265	21	22	14	26	46	27	16	18
21	34	16	31	26	61	48	19	20	24	16	20	23	20	17	19
21	20	16	21	23	19	16	17	18	40	53	27	24	31	71	69
19	19	16	23	21	18	18	16	22	24	33	23	81	63	19	15
18	19	18	22	21	18	17	16	22	23	30	22	18	22	19	236
18	19	16	21	18	20	17	16	20	48	57	26	24	25	27	26
19	19	15	22	20	17	17	19	20	22	88	92	129	50	39	21
140	60	15	46	64	70	20	41	52	22	16	39	32	26	17	16
19	36	16	33	38	31	61	41	21	22	18	22	19	21	20	18
17	19	16	20	19	17	16	16	20	90	102	23	26	31	30	30
18	19	16	20	19	19	18	16	19	30	62	34	38	70	62	20
19	20	15	23	20	17	18	18	20	22	197	39	19	26	29	18
20	23	15	21	23	18	17	18	18	41	33	22	19	24	26	82
21	31	16	21	19	20	17	482	21	23	15	19	19	21	17	17
17	20	17	21	19	18	17	17	19	22	57	43	68	39	26	18
21	17	15	19	21	17	18	18	20	47	100	35	48	44	81	56
70	60	15	51	26	20	16	18	39	20	15	18	31	34	18	18
46	20	15	28	24	17	18	16	125	22	17	21	20	25	15	23
25	162	21	419	688	103	79	40	19	23	17	22	38	22	18	18
20	29	15	21	28	365	17	18	21	23	16	20	23	19	16	19
21	18	16	20	22	19	15	17	21	178	24	22	19	25	23	24
28	21	15	31	31	20	16	15	21	395	171	86	130	123	176	199
18	54	16	61	26	24	17	31	21	22	16	20	21	23	18	18
20	127	17	23	22	27	18	30	20	25	15	21	22	22	18	16
19	23	16	19	18	17	163	17	18	20	16	21	20	20	16	18
28	164	23	419	360	354	232	82	20	20	17	26	34	23	16	16
19	21	15	20	18	18	19	17	23	23	205	69	21	33	44	21
20	19	16	168	77	26	26	18	19	23	18	21	19	19	18	18
19	20	16	21	23	21	14	19	20	84	95	49	43	30	50	559
19	66	15	68	27	37	35	38	21	23	17	20	26	18	18	20
27	22	15	30	20	18	17	13	21	211	28	23	37	73	44	57
21	18	16	23	21	19	16	18	18	23	61	54	21	27	25	17
20	77	17	58	35	42	53	28	22	24	18	19	19	23	18	16
19	30	16	55	31	31	35	24	20	23	18	22	21	18	15	17
20	27	15	27	221	80	18	19	18	24	18	21	25	20	19	19
20	19	17	20	19	18	17	17	20	32	117	50	48	100	115	32
311	21	15	20	21	18	16	16	19	22	16	20	20	19	18	21
20	23	17	714	166	40	40	24	19	20	19	25	33	22	18	20
20	18	16	21	21	19	18	18	20	27	34	21	20	22	17	399
23	20	15	23	27	18	16	16	20	120	23	19	28	35	20	34
62	24	15	34	21	18	16	17	277	26	17	24	30	34	19	32
22	34	16	26	18	19	17	96	21	25	16	20	20	20	16	21
20	19	15	21	19	18	17	19	19	26	92	23	22	27	29	25
21	19	15	22	21	19	16	15	19	26	38	26	19	68	61	18
19	22	16	22	17	19	17	15	19	22	46	175	24	26	42	23
21	29	16	63	40	51	40	20	19	22	16	21	18	21	16	19
20	60	15	46	42	22	45	141	20	22	16	22	19	20	17	17
22	18	17	20	20	20	16	18	22	74	53	21	25	38	24	31
22	22	17	538	19	16	16	18	19	24	16	20	18	22	18	18
18	19	16	97	27	21	19	17	20	21	18	21	22	22	15	17
23	20	17	25	264	22	19	17	17	24	16	20	22	21	16	19
19	19	16	22	19	19	19	15	21	39	46	30	22	24	30	95
18	20	16	23	31	18	18	16	18	21	57	239	250	43	39	20
21	708	16	20	22	37	15	32	19	22	16	19	19	21	17	16
19	20	17	20	22	32	16	19	21	51	92	41	20	24	33	50
22	38	16	30	21	19	15	319	19	24	16	20	19	22	19	18
20	252	16	22	21	24	18	19	20	20	17	21	20	21	16	16
20	66	16	38	25	23	39	38	19	22	17	22	21	19	16	15
246	20	17	24	25	29	16	18	29	23	20	20	21	21	18	17
20	21	16	21	17	17	16	20	19	30	50	24	19	21	185	22
201	20	15	19	20	17	19	17	23	22	16	21	18	20	19	19
19	21	16	60	82	35	20	19	20	21	20	22	20	21	17	17
21	21	16	20	22	39	16	18	25	83	48	41	40	23	24	196
21	29	16	722	426	233	37	23	20	22	17	21	31	22	18	19
122	28	17	22	25	23	18	20	42	25	18	21	23	20	16	19
29	119	15	61	39	27	32	958	18	23	17	22	24	24	17	17
20	21	16	18	20	19	15	19	19	46	28	24	24	22	23	58
21	35	16	22	23	816	16	18	17	22	17	20	21	21	15	19
19	19	15	22	19	18	17	17	21	26	48	21	21	164	19	17
22	19	17	19	19	19	18	19	21	24	98	64	78	48	42	19
19	21	16	21	20	18	16	19	19	23	28	21	18	24	138	16
21	44	18	64	23	36	52	43	20	21	17	21	21	20	17	16
20	22	16	23	20	19	16	17	18	50	229	76	91	85	109	49
20	24	17	171	99	193	36	29	18	23	17	19	28	21	16	16
19	19	16	21	19	21	17	17	22	41	42	39	20	21	31	326
128	106	15	86	48	37	20	29	54	23	17	21	42	37	16	17
20	20	15	20	21	20	17	15	18	42	86	36	19	27	346	30
21	89	16	32	33	35	16	77	19	23	19	18	22	22	16	19
18	20	17	19	23	31	16	18	23	118	232	97	63	77	505	945
19	73	17	51	37	58	112	47	21	22	16	22	20	22	18	17
20	18	16	20	20	17	14	18	21	58	85	30	34	30	46	54
23	20	16	22	20	17	16	16	20	111	17	21	22	25	21	37
22	20	16	21	20	18	18	19	18	156	17	20	22	33	24	40
21	21	16	19	19	18	16	19	18	29	82	30	27	147	78	17
20	21	14	20	20	17	18	19	19	20	27	25	28	58	24	18
26	83	17	78	22	38	23	109	19	20	16	21	24	23	19	18
1308	24	15	32	46	49	21	34	101	25	17	36	57	28	19	17
25	406	17	19	19	20	18	20	19	24	18	20	20	19	17	18
20	35	17	34	44	40	40	18	20	22	16	21	17	23	18	18
18	21	16	20	21	18	16	17	19	548	19	19	22	31	26	27
19	18	16	26	26	18	16	19	21	28	29	1009	465	36	66	24
20	18	15	24	30	20	14	14	20	33	56	24	20	1954	19	19
20	138	17	27	25	33	28	22	18	19	15	22	21	21	16	17
21	42	17	33	20	21	17	80	21	24	17	22	20	23	18	19
20	20	16	23	19	18	15	18	20	21	32	19	20	362	18	18
21	90	17	48	39	29	50	248	20	22	16	23	20	21	19	19
18	19	16	20	19	16	15	18	21	39	40	25	25	32	26	56
18	26	27	226	25	45	47	43	19	21	15	21	23	21	16	19
92	30	16	27	24	46	17	28	38	22	16	23	30	23	19	16
64	22	16	30	20	17	17	16	26	25	17	20	38	43	29	39
20	19	17	22	20	18	16	18	21	91	88	49	23	31	114	117
50	23	15	20	23	35	19	15	36	39	24	35	21	20	19	20
21	22	17	767	21	26	39	23	22	24	17	23	25	21	20	16
20	23	16	48	73	55	22	16	21	23	17	22	18	21	16	18
20	20	16	22	20	18	17	17	19	38	28	25	20	26	29	60
20	19	16	20	20	19	17	15	20	27	41	30	34	41	58	19
28	153	17	45	40	31	18	96	19	22	17	20	22	23	16	18
21	59	16	37	21	28	37	75	19	25	18	19	22	20	20	17
21	1732	15	21	25	46	29	44	19	20	17	24	21	19	19	17
19	20	16	547	20	22	20	19	20	24	16	18	19	21	16	17
20	67	17	22	19	25	20	20	21	21	19	23	20	21	17	19
21	20	15	18	20	17	17	16	21	134	16	21	20	25	23	24
20	95	17	36	44	28	17	43	22	23	16	21	23	22	16	18
19	19	17	21	21	18	17	17	21	25	40	22	21	139	16	18
18	19	17	20	20	16	16	20	19	26	47	26	26	37	82	34
17	22	17	19	21	21	352	18	21	20	16	20	20	23	15	19
20	17	17	21	27	24	16	15	19	23	63	49	215	101	28	19
20	24	17	64	250	59	28	18	21	25	18	21	19	23	18	19
20	353	15	23	22	23	21	34	18	21	19	22	19	24	18	20
20	17	16	22	19	16	16	16	20	23	81	40	21	32	27	17
18	19	16	714	19	19	21	18	20	23	18	20	21	21	18	19
20	22	16	20	23	20	17	18	21	37	278	103	96	577	169	26
18	21	15	17	20	18	17	16	20	47	893	56	39	52	49	33
21	21	17	20	19	20	15	16	19	23	23	681	24	23	43	21
22	1706	17	22	20	37	25	26	19	22	17	23	18	20	16	16
21	376	14	20	19	18	18	21	20	23	18	19	19	19	17	18
18	17	15	21	20	17	16	17	20	70	62	33	28	27	44	242
19	22	16	19	20	17	17	17	18	21	27	186	21	22	30	19
22	46	17	29	20	19	18	143	20	24	16	23	20	21	16	19
23	18	16	22	21	18	18	18	20	271	21	20	21	28	21	23
20	19	15	21	19	18	17	18	21	22	26	24	186	26	26	18
19	21	17	20	18	598	20	19	21	20	19	19	19	22	17	18
20	21	15	26	20	21	17	18	19	308	166	28	20	41	51	52
18	22	16	22	19	19	19	20	19	45	64	30	22	24	149	39
19	18	16	22	23	18	16	15	21	328	204	74	83	113	104	118
19	22	18	21	19	18	21	17	20	42	26	23	24	23	18	64
20	18	17	202	23	17	18	19	18	22	18	18	21	22	19	18
18	21	14	20	18	19	16	19	22	22	28	21	17	561	17	16
19	22	15	20	22	19	18	16	18	22	18	101	50	25	31	20
19	19	16	20	27	19	17	18	22	164	47	59	49	55	33	152
45	19	16	25	29	19	17	18	29	58	17	23	34	37	17	47
31	117	17	76	36	26	18	670	20	19	17	21	24	22	16	17
28	1054	17	47	70	56	45	136	19	25	19	22	30	21	19	17
19	21	17	20	19	17	20	18	19	22	27	21	19	21	17	237
21	21	16	21	28	19	14	15	19	25	29	44	499	34	34	17
19	21	16	22	23	18	16	16	20	23	44	27	180	54	20	19
20	20	15	20	20	19	17	20	20	28	2459	31	21	42	49	37
23	85	45	318	166	244	145	110	18	22	17	28	36	22	17	18
19	17	17	20	18	18	16	19	20	64	23	31	41	30	41	66
19	18	15	20	18	16	16	20	20	23	17	21	20	20	18	257
18	19	17	576	19	20	27	19	20	24	19	21	20	22	17	18
21	18	17	18	23	17	18	16	22	21	24	101	113	24	23	20
17	21	15	22	112	21	16	18	19	20	18	19	22	20	18	18
20	1111	15	22	20	18	19	21	19	22	16	18	21	20	16	18
20	20	15	471	19	21	28	18	19	24	16	20	23	20	16	17
21	20	17	18	21	18	17	19	21	21	29	47	89	39	32	16
20	21	17	21	20	18	17	17	18	22	19	20	20	22	18	371
19	33	17	30	20	19	18	264	22	23	16	20	19	23	15	19
975	20	15	25	23	30	18	26	46	53	19	36	31	24	19	26
26	19	15	32	19	20	17	18	19	709	22	21	30	49	48	42
24	18	16	19	20	19	17	19	21	202	22	22	38	59	33	53
19	27	17	31	68	162	17	18	21	24	15	21	22	21	19	18
19	28	15	51	65	156	49	19	19	23	16	20	26	19	15	18
19	18	16	17	18	17	16	15	18	22	52	54	23	21	24	19
19	22	16	26	20	19	16	285	18	23	18	20	20	21	18	19
19	21	17	20	19	17	17	16	21	24	16	20	632	21	18	19
18	36	15	36	24	36	80	19	19	22	17	21	18	20	16	17
21	21	17	21	18	18	18	15	18	49	85	48	47	63	118	30
18	22	17	176	19	21	21	18	19	24	16	20	21	25	17	17
18	20	16	20	19	16	17	16	21	261	29	32	43	40	44	62
22	19	17	23	21	19	16	19	19	25	25	48	149	23	28	18
18	22	16	19	20	17	17	15	21	62	27	33	28	35	32	39
19	45	14	33	22	20	17	155	19	22	17	19	20	20	19	17
18	23	15	20	19	19	17	15	21	91	63	36	48	49	60	75
21	20	15	20	22	21	16	17	19	268	22	25	26	35	30	37
23	59	17	52	37	28	61	46	19	273	64	29	44	59	42	72
21	19	16	22	18	18	19	19	21	34	27	21	23	24	19	101
23	18	17	23	21	18	18	17	21	41	17	23	30	26	17	34
19	21	16	22	18	18	16	17	18	166	28	22	21	23	22	32
21	21	17	21	22	621	16	18	22	22	15	21	18	21	19	18
20	38	17	41	20	65	127	19	21	21	18	22	18	22	17	18
566	38	16	31	59	40	16	34	98	26	20	35	47	29	18	20
18	20	16	20	19	19	18	19	20	23	266	70	20	31	43	29
22	41	17	36	27	18	17	734	20	23	15	20	25	23	18	17
19	21	16	21	20	331	16	17	19	24	18	22	21	21	20	17
21	19	16	78	157	26	19	18	17	22	17	20	18	22	19	21
20	22	15	20	20	19	16	15	18	820	31	22	25	30	31	33
18	226	17	20	23	26	16	30	19	21	19	22	21	21	17	19
21	36	17	27	21	19	20	211	20	24	17	21	19	21	17	17
20	19	17	20	20	19	16	18	19	23	23	22	19	21	536	17
19	20	16	20	20	19	17	17	21	37	32	24	26	30	25	30
19	19	16	18	22	20	15	15	20	38	43	33	21	21	56	143
21	18	16	20	24	18	16	16	19	23	37	72	115	26	37	19
19	24	16	21	18	19	18	15	19	40	28	21	33	26	19	63
29	20	16	21	35	24	18	18	36	175	67	71	68	58	43	220
37	22	16	23	22	16	16	18	123	21	14	19	20	21	18	22
22	19	16	19	22	19	19	18	20	44	21	20	29	28	17	42
21	20	16	24	21	20	18	18	19	22	183	37	19	23	30	19
68	22	15	43	102	118	18	24	102	589	335	398	281	145	79	2125
18	20	16	23	24	29	17	17	19	73	194	57	23	74	217	23
19	64	15	100	86	104	94	34	18	23	18	19	20	19	19	19
22	21	16	19	19	19	15	16	21	36	58	33	33	31	48	29
21	21	16	17	19	20	15	18	19	38	47	31	40	36	33	19
866	42	14	48	59	65	18	20	149	47	26	40	70	52	20	32
22	41	17	39	21	18	16	53	20	23	15	20	18	24	17	17
19	20	16	23	21	18	16	16	20	124	117	47	63	48	84	229
19	21	16	19	20	19	16	18	21	24	26	19	290	22	20	17
19	88	16	67	49	44	55	59	21	23	17	20	20	22	16	19
19	20	15	22	19	20	17	18	19	25	144	27	18	25	23	25
23	22	16	21	20	18	16	15	20	26	52	21	20	1885	21	17
33	19	15	21	19	19	18	16	20	26	93	30	21	26	23	19
20	22	17	55	57	70	44	18	18	24	18	19	20	22	18	17
19	65	16	38	21	23	24	23	22	20	18	22	21	21	19	18
20	23	16	20	21	18	17	20	19	25	24	22	191	41	18	17
19	19	16	22	21	19	16	17	19	80	144	62	49	74	140	134
19	22	16	32	47	84	18	16	20	21	16	20	18	24	15	17
20	21	17	19	21	18	15	16	19	67	18	22	22	23	23	44
19	23	15	20	20	16	17	18	19	22	26	32	53	51	33	18
105	24	15	48	71	89	18	28	79	260	1091	1345	255	209	249	519
21	17	17	22	19	18	15	16	20	33	42	21	32	24	25	20
148	20	15	21	20	18	17	21	18	23	17	21	19	22	16	16
20	19	17	22	23	18	17	16	19	94	59	49	50	46	96	385
67	20	16	28	22	17	16	18	50	27	19	20	29	44	25	48
20	20	16	20	20	19	16	18	21	23	25	20	20	179	18	19
46	21	17	22	20	18	15	17	22	24	18	23	19	23	130	19
20	22	17	22	33	29	15	15	25	238	227	107	111	118	1108	234
37	112	19	81	32	29	30	3413	19	24	16	22	32	24	16	16
18	20	16	19	18	18	18	18	21	52	19	24	22	32	24	28
292	22	16	20	27	25	17	21	42	31	17	26	27	21	17	23
19	20	15	21	20	20	18	17	19	26	33	26	36	103	19	20
21	21	16	20	22	20	15	17	19	23	18	706	20	20	30	19
35	21	17	19	18	19	18	18	19	53	31	26	37	48	24	65
21	84	17	28	24	30	30	48	19	21	15	21	25	21	17	21
19	19	16	21	21	21	16	16	21	64	158	64	36	47	472	54
32	85	17	55	28	23	17	427	22	25	16	22	24	23	15	19
241	22	17	21	30	29	19	18	74	39	22	33	43	31	16	29
18	100	18	21	19	31	31	41	21	18	17	23	20	21	17	19
20	21	18	20	20	18	18	19	22	22	16	124	18	22	18	17
19	20	17	20	18	19	19	17	21	353	19	20	21	21	18	20
20	28	16	27	19	86	17	19	19	21	17	20	20	21	16	18
20	22	16	45	298	18	15	18	22	21	16	21	21	22	17	17
20	18	16	19	19	18	16	17	20	26	130	83	120	71	82	19
18	22	16	20	18	18	17	18	19	21	47	18	20	125	22	18
20	18	17	22	22	18	16	17	20	23	28	44	988	30	24	20
171	19	16	21	21	17	17	17	24	24	20	23	21	20	18	17
28	33	18	24	31	20	18	75	21	24	17	21	27	22	17	17
20	1499	18	25	22	34	31	42	17	21	15	22	22	21	16	19
32	625	23	143	99	127	142	335	20	21	17	22	26	24	19	17
249	24	16	22	36	23	15	16	54	52	25	39	49	31	19	29
20	70	17	27	20	30	20	23	19	23	19	22	19	21	19	17
18	106	17	92	34	42	158	248	17	22	14	19	29	21	18	17
19	27	16	28	20	88	40	16	21	21	17	22	20	21	15	20
21	190	16	22	24	26	16	25	18	21	17	22	20	21	16	17
18	21	16	20	22	347	17	18	19	24	16	19	18	21	16	18
19	18	16	23	20	18	17	16	19	31	216	38	21	32	28	28
438	276	16	33	45	77	34	93	35	28	16	28	39	21	16	17
21	26	15	21	17	275	16	17	18	21	16	20	21	20	18	19
21	19	18	21	22	19	18	15	20	24	23	227	18	23	30	17
20	45	17	28	21	18	16	348	20	23	15	21	20	21	16	14
19	20	15	22	21	17	16	16	21	31	57	32	22	27	49	74
60	20	14	20	26	21	18	16	51	23	19	22	33	26	18	34
118	21	17	22	19	22	17	24	18	22	17	20	19	23	18	21
18	94	17	25	26	26	16	43	21	21	14	22	21	21	18	20
19	21	16	29	39	18	16	18	17	36	83	446	429	89	92	35
19	18	16	18	20	17	17	15	20	41	269	196	175	129	150	40
19	122	17	31	20	29	32	43	22	20	15	22	21	23	17	19
19	45	17	67	97	226	146	24	20	24	17	22	29	21	16	19
29	723	17	24	39	71	52	63	20	25	17	22	24	22	18	18
22	23	15	21	20	18	17	16	20	24	1349	23	20	26	22	26
22	18	17	23	21	19	15	18	22	45	28	36	20	23	18	34
19	21	16	21	19	18	16	17	19	23	20	198	21	22	27	19
20	150	15	22	22	24	21	23	19	22	17	22	20	22	15	18
21	19	16	20	19	19	16	18	20	119	211	60	55	46	65	59
323	21	17	23	21	19	17	19	22	24	15	21	19	21	18	18
20	18	17	21	18	18	15	18	18	29	96	47	58	78	67	32
20	20	16	383	20	18	17	18	22	21	16	18	20	20	18	19
2346	43	16	73	63	86	21	42	711	41	26	50	88	60	23	31
20	18	16	20	20	18	18	14	21	67	71	49	29	40	68	297
20	22	16	19	18	17	19	17	20	23	128	76	55	43	48	21
19	40	17	29	20	18	18	141	19	24	15	22	20	20	17	18
20	22	15	21	20	20	16	19	19	66	154	49	45	50	92	64
18	18	17	19	20	19	15	14	21	22	28	110	35	23	29	18
21	19	15	18	21	19	15	16	19	25	14	21	19	243	17	16
21	25	16	28	20	17	161	17	19	23	19	21	21	22	18	15
20	216	16	21	20	35	20	30	20	22	16	21	17	19	17	18
61	21	17	22	31	40	15	19	46	64	28	47	44	28	24	31
20	18	17	23	17	17	18	16	20	92	24	32	41	37	36	84
20	21	16	25	83	42	19	17	18	24	20	22	19	22	16	18
20	20	16	20	20	19	17	17	20	21	824	21	18	22	25	20
247	27	16	21	31	27	16	19	44	27	18	27	29	22	18	21
19	18	16	20	17	18	18	18	18	39	86	31	41	37	50	24
22	21	16	25	21	19	17	18	20	57	18	20	20	29	27	33
20	21	17	19	19	18	18	17	19	21	27	34	231	37	22	21
22	19	17	22	22	19	16	18	20	24	128	20	24	24	29	19
21	208	15	20	23	20	18	20	19	21	17	20	23	19	17	20
19	20	17	22	18	16	16	15	20	21	28	58	55	47	28	19
18	20	17	23	27	17	15	17	21	231	117	35	54	61	59	85
21	20	16	33	857	17	18	17	18	19	17	25	22	21	18	19
20	19	16	19	18	17	18	17	20	54	37	26	22	23	27	121
19	31	16	252	701	672	31	19	21	23	17	21	42	22	15	16
21	39	16	66	61	97	105	29	21	21	18	21	19	21	19	20
19	20	16	21	19	20	18	18	19	25	37	1170	18	24	45	22
19	282	16	29	24	28	23	44	19	24	17	21	19	20	16	17
18	17	17	20	18	18	17	17	19	70	141	61	54	61	110	97
20	18	17	19	22	18	15	18	20	28	50	67	254	63	32	19
21	22	16	28	109	49	18	17	17	23	17	20	19	21	18	18
113	79	16	77	40	19	17	19	91	24	16	21	31	37	17	20
19	21	16	22	20	17	17	18	22	324	44	30	21	49	73	24
21	30	17	29	23	31	29	42	19	22	16	20	18	21	16	19
21	19	16	20	28	21	16	19	20	33	154	243	115	59	73	26
24	61	15	20	31	58	23	34	25	21	15	22	24	20	17	18
20	24	16	61	34	33	20	17	21	22	17	22	22	22	15	16
20	378	15	20	20	25	22	24	18	21	16	21	20	20	14	18
21	23	16	20	25	22	16	16	24	109	1611	165	178	319	615	81
20	23	16	22	21	18	16	16	18	421	26	22	18	30	29	38
18	21	16	21	19	20	16	18	21	27	29	25	23	22	85	19
18	20	16	21	19	956	17	17	23	23	15	21	20	20	14	17
18	53	15	53	37	42	42	26	21	20	17	20	21	20	16	19
20	39	16	47	28	45	70	20	19	23	17	20	20	23	16	17
21	21	16	21	25	18	16	18	23	24	27	58	462	27	29	21
19	18	16	20	17	18	16	16	20	22	54	30	60	56	52	19
164	20	15	22	22	19	16	17	21	22	16	22	23	20	16	17
22	47	19	198	314	331	79	30	20	23	17	23	32	23	18	17
20	21	16	19	19	19	16	17	19	36	54	40	32	29	78	162
18	19	17	20	18	18	17	16	19	22	28	24	26	78	22	18
22	19	15	20	20	18	16	18	18	419	15	19	21	35	30	37
18	32	17	129	104	77	40	21	19	25	16	20	20	21	20	18
18	20	17	21	18	19	18	18	20	44	83	37	39	69	133	23
44	67	16	63	56	47	31	40	24	476	62	44	66	64	61	88
20	18	16	20	21	19	18	16	21	49	85	35	20	24	1038	129
34	20	15	23	18	19	16	16	18	32	16	19	25	36	27	36
19	20	16	19	22	17	16	18	21	43	55	31	35	42	47	45
929	382	16	114	89	104	74	704	52	29	23	40	80	48	17	17
20	23	16	21	20	17	18	17	20	43	22	29	25	27	20	52
19	19	16	19	17	19	17	19	19	24	41	24	31	106	30	21
19	21	17	20	20	18	16	368	18	23	15	22	20	21	17	17
21	17	16	20	21	16	15	17	19	23	16	671	19	21	18	18
22	17	17	22	20	17	17	14	18	25	127	21	20	23	19	17
20	127	16	20	24	37	16	24	21	22	17	20	21	21	19	19
19	24	16	22	27	18	16	15	22	146	531	64	52	85	62	58
18	19	17	18	21	18	15	20	21	342	17	20	19	21	16	21
18	18	15	24	19	19	16	17	21	46	80	31	34	33	92	31
1360	21	17	19	28	34	17	25	30	22	17	24	23	22	16	18
43	22	16	27	23	31	17	17	43	195	109	57	65	40	34	55
18	20	17	21	22	18	16	17	21	29	73	21	21	22	26	17
20	17	17	20	20	16	16	17	19	24	21	147	23	21	29	18
20	20	17	22	22	17	17	18	20	164	18	22	34	31	31	39
19	19	16	22	21	25	16	19	20	83	115	60	75	76	97	97
19	333	17	34	21	37	24	41	20	22	17	23	21	21	15	16
20	20	15	209	21	19	22	16	19	23	16	20	18	20	14	20
19	20	16	20	19	18	19	16	20	43	33	22	26	24	45	103
20	18	15	21	20	18	18	18	19	83	105	44	50	41	39	52
18	19	18	19	19	20	16	17	22	62	181	54	47	165	816	32
19	19	16	19	20	16	17	16	20	134	21	25	30	24	25	34
1058	74	15	53	79	75	24	44	277	49	26	38	75	49	23	21
59	37	15	829	24	19	28	24	50	22	16	26	38	27	17	18
19	74	17	37	20	28	19	30	19	21	18	20	22	22	20	19
770	24	15	22	19	21	15	24	24	23	16	20	19	21	18	18
17	20	17	19	22	18	19	17	18	21	19	141	20	22	22	19
19	21	18	21	22	21	19	18	20	24	19	22	19	22	272	18
22	17	16	23	21	17	17	16	21	566	17	22	21	23	16	18
22	870	16	49	51	75	60	91	22	22	17	25	32	21	16	20
22	97	17	130	81	77	59	44	19	23	19	18	26	21	18	18
20	63	17	33	22	21	17	44	20	22	15	21	21	21	19	20
19	22	16	31	360	128	17	21	19	21	18	21	20	22	19	16
21	32	16	35	35	23	20	17	19	22	17	20	20	22	15	20
21	21	16	22	19	18	18	15	19	24	65	28	18	121	18	19
18	20	16	22	18	17	174	16	20	21	18	22	17	21	19	16
20	17	17	21	20	16	16	17	19	36	67	35	26	79	124	19
20	20	16	31	138	90	18	16	20	22	18	22	20	21	19	17
40	184	15	87	45	35	26	604	20	23	15	20	34	25	18	19
255	24	17	22	24	31	17	18	38	32	17	31	23	22	16	19
21	27	17	76	23	24	20	21	17	22	18	22	21	22	16	18
18	21	16	22	19	16	19	16	19	29	305	33	25	27	34	29
25	40	16	35	22	19	17	1062	21	24	17	22	20	22	17	17
20	126	17	45	41	50	49	42	18	24	17	21	19	23	18	19
19	22	16	19	20	20	344	17	19	24	19	20	20	19	17	18
19	20	15	22	20	18	18	16	20	197	155	53	58	67	73	84
18	22	16	21	20	20	16	15	20	21	22	1055	28	22	27	21
17	20	16	39	96	55	18	18	19	20	19	20	20	20	18	19
18	21	16	57	228	112	26	19	20	23	17	19	18	22	17	21
23	18	17	21	20	19	16	16	19	48	61	28	24	21	26	1001
18	18	17	21	17	19	18	18	22	25	240	24	21	22	20	20
138	23	17	22	21	19	17	18	23	23	17	21	22	21	16	18
19	19	15	23	21	19	16	18	20	26	27	20	18	610	18	18
20	32	15	34	41	304	17	18	19	24	17	20	20	20	19	16
20	23	15	21	20	18	18	18	21	46	144	53	78	68	101	36
19	23	17	21	21	20	16	20	21	24	29	20	19	23	119	17
21	18	16	21	19	18	16	18	20	27	164	147	113	82	83	25
20	20	16	25	21	18	17	17	20	43	1242	63	42	72	76	65
19	18	15	21	19	18	16	19	20	37	83	38	57	64	89	26
30	52	16	25	31	24	17	48	21	20	16	22	22	20	20	19
21	20	15	21	20	19	19	18	17	140	31	42	50	48	46	79
21	19	16	20	20	19	18	17	19	90	46	29	25	40	49	43
25	19	15	28	24	19	17	17	17	468	26	20	30	84	53	62
20	22	17	19	21	17	16	18	21	20	18	872	20	22	24	22
23	112	16	51	34	36	20	158	20	23	17	21	21	22	16	17
20	19	15	20	19	18	18	17	19	51	69	25	22	28	26	25
22	23	15	20	21	18	17	18	21	91	121	22	19	36	44	27
18	29	16	20	19	50	64	18	17	23	17	20	18	20	17	17
19	23	16	32	24	22	17	859	19	22	17	22	22	21	17	18
20	21	16	22	20	18	17	16	21	25	64	33	29	171	22	19
712	29	16	23	31	44	16	30	50	23	17	29	22	19	16	17
21	40	17	32	28	34	60	20	20	22	17	21	22	22	16	17
26	41	17	41	18	19	18	421	19	24	16	22	21	20	18	15
20	19	16	22	21	19	16	18	20	25	60	27	42	116	45	19
1771	19	16	19	26	36	16	28	36	28	16	25	23	22	18	18
42	22	16	26	23	21	17	17	24	67	22	20	54	51	25	75
19	21	17	19	21	19	19	17	20	27	45	24	20	280	19	18
18	19	16	21	18	16	17	16	21	25	54	40	33	28	27	18
19	18	16	19	22	18	16	17	20	25	44	24	20	33	71	18
18	21	16	20	20	18	17	17	22	58	116	26	26	25	29	33
21	19	17	23	19	19	16	17	18	23	168	50	26	45	35	20
21	22	17	19	20	18	16	18	19	27	80	28	22	830	17	19
18	19	17	20	20	16	18	17	20	20	55	151	84	29	26	19
18	20	17	19	20	18	18	18	20	51	267	73	103	94	114	26
18	21	16	275	18	18	17	17	22	22	18	22	19	22	20	17
19	18	16	23	19	20	16	17	21	28	51	50	73	44	35	20
20	20	16	20	24	17	16	14	17	22	26	26	333	28	23	17
643	31	16	40	44	61	17	29	93	30	20	32	53	30	17	20
19	20	16	22	21	20	17	17	18	29	96	52	112	539	43	18
662	24	17	20	21	21	17	20	19	26	16	22	19	21	17	17
21	23	17	560	20	21	18	17	18	24	17	22	20	21	14	18
18	22	17	20	19	18	16	18	19	26	28	21	20	23	26	292
40	116	16	32	32	38	22	43	20	21	16	20	20	22	14	19
57	23	15	42	28	17	18	19	1154	21	18	18	30	43	19	26
19	58	16	41	21	19	28	108	20	22	17	18	20	21	17	18
19	44	16	37	37	30	23	27	19	24	17	19	17	21	18	18
21	76	16	29	22	32	21	20	19	22	18	21	21	21	18	18
19	79	17	26	23	20	18	31	20	22	17	20	21	21	17	19
20	18	16	209	19	19	18	16	17	27	19	20	21	22	19	20
19	21	17	29	188	19	18	18	18	24	16	21	20	20	18	16
20	19	16	23	23	19	17	18	21	40	30	21	25	24	27	57
21	20	15	21	21	19	19	18	18	23	422	19	18	20	19	18
145	20	16	23	22	24	18	19	24	59	106	41	41	64	95	37
21	17	16	270	20	18	17	18	20	23	16	21	18	21	16	17
20	20	16	42	117	47	17	15	20	22	20	22	20	20	19	17
41	18	17	30	23	21	18	16	176	24	18	20	20	29	18	19
23	49	28	153	72	97	82	38	18	23	17	20	28	19	18	18
22	19	16	23	22	19	17	18	17	78	158	58	72	93	91	70
20	20	16	20	21	17	17	17	20	22	103	45	44	30	27	17
202	124	16	62	70	52	25	99	92	53	28	42	66	46	19	52
21	19	16	22	21	18	17	16	20	28	70	27	20	83	111	19
22	39	15	30	19	24	16	100	19	23	15	21	19	20	16	18
19	19	16	28	32	21	17	18	19	43	404	360	226	170	155	38
20	23	17	21	18	16	19	16	20	35	119	53	61	47	42	35
20	16	16	20	22	16	15	18	20	21	62	42	99	34	33	18
20	20	17	20	20	18	18	17	125	22	17	21	23	21	14	16
19	21	17	20	19	15	18	17	19	23	28	48	206	31	20	18
1085	17	16	19	35	42	17	29	46	29	18	37	22	25	17	19
20	28	16	31	18	22	163	17	19	23	18	19	20	21	18	18
21	19	16	21	19	17	18	18	20	35	29	27	23	24	33	44
21	19	16	19	21	18	18	19	18	23	28	21	20	367	19	17
19	18	16	221	43	36	43	25	20	22	18	21	22	19	16	19
25	20	16	22	29	27	17	17	39	81	50	71	31	25	19	89
21	17	18	21	19	17	17	18	20	48	116	47	19	31	1169	23
21	18	15	19	20	19	16	17	17	93	341	68	70	73	64	48
285	27	15	22	21	24	16	19	25	22	15	21	20	20	18	17
19	20	16	22	19	20	19	15	20	23	21	157	20	17	19	17
20	19	17	194	22	19	15	20	19	24	15	19	20	21	18	19
21	20	15	442	21	18	17	20	19	23	17	20	20	20	17	20
20	17	15	19	16	17	17	18	20	22	35	22	23	114	18	16
33	21	16	27	23	20	16	18	18	45	16	20	33	41	19	53
20	22	16	24	22	20	145	13	20	25	15	21	21	19	19	17
19	19	16	22	19	18	17	16	21	21	24	678	21	26	45	27
19	19	16	20	20	18	19	18	20	24	121	115	43	36	41	20
20	95	15	20	25	21	18	19	18	25	18	19	19	20	16	19
18	16	16	22	21	17	14	16	19	22	70	24	23	360	18	17
178	19	15	20	18	23	16	16	26	21	17	23	20	19	19	18
514	17	17	21	21	26	16	23	31	24	15	24	21	23	15	18
18	18	16	22	19	17	16	18	19	20	82	53	37	28	29	18
21	21	16	23	22	18	15	17	17	25	42	20	18	158	19	21
20	23	15	20	18	21	18	16	19	24	61	38	48	43	34	26
19	26	15	24	17	17	19	16	22	39	72	63	51	51	74	44
19	20	17	264	19	19	15	16	21	24	16	19	18	22	17	18
19	51	16	24	23	27	21	39	18	24	19	22	19	22	19	18
22	35	16	48	55	100	61	19	19	22	16	21	21	22	16	17
43	121	16	60	29	27	24	298	22	24	16	19	24	26	18	19
20	20	16	22	22	18	13	16	19	47	84	29	28	44	34	23
26	22	16	47	45	26	18	15	25	127	2567	427	300	2430	398	152
19	21	16	18	18	19	16	17	18	21	21	194	21	23	29	23
19	18	17	22	19	20	17	16	20	23	195	33	22	21	20	19
23	58	17	32	22	23	16	55	19	24	16	23	21	23	20	16
20	19	17	22	21	17	18	17	21	34	38	25	21	21	18	592
21	26	16	21	19	19	18	17	19	30	50	22	21	24	850	18
17	23	16	21	20	19	16	17	18	22	24	22	34	70	27	17
20	20	16	21	19	20	17	17	19	48	50	39	25	23	29	240
19	23	15	21	19	18	17	18	20	22	28	32	296	26	23	18
23	24	16	21	20	16	18	17	21	58	54	54	28	23	25	568
19	36	16	43	27	29	29	21	20	22	17	19	20	23	19	17
20	19	16	22	20	19	16	16	21	25	202	63	57	52	52	28
20	24	16	18	19	18	18	17	18	23	28	27	69	46	23	20
21	30	24	311	45	62	68	56	22	22	18	24	38	20	15	21
20	25	17	833	368	33	47	24	19	21	18	23	31	23	20	17
19	20	17	22	19	18	18	16	21	128	16	21	28	30	26	44
27	342	16	71	54	66	41	87	20	23	17	21	21	23	19	19
33	22	15	21	23	22	18	18	21	53	79	43	27	25	22	192
19	18	16	20	17	16	18	18	17	26	264	28	23	25	32	27
34	19	17	27	19	22	18	18	30	363	1611	51	65	103	94	112
21	151	15	20	21	19	19	19	19	21	17	21	20	20	17	17
19	1087	17	21	18	22	19	20	19	19	16	19	19	22	15	17
18	18	16	22	20	16	15	16	22	42	39	23	26	26	27	92
131	88	16	31	47	55	18	79	58	23	18	26	44	22	17	18
19	64	16	50	31	76	204	33	21	25	17	20	20	24	19	20
20	24	16	50	31	29	27	23	18	23	17	22	21	21	17	17
19	20	14	22	17	17	16	18	21	28	78	23	29	26	28	25
19	19	16	21	20	20	18	17	22	23	82	115	108	46	42	19
22	2437	17	27	31	59	38	53	17	22	15	22	20	22	17	16
19	22	16	37	40	33	17	21	28	122	751	1486	428	875	513	58
23	58	17	33	26	20	17	70	21	23	16	23	24	21	17	16
21	20	15	20	21	17	16	17	19	23	702	22	20	28	20	18
19	46	17	29	20	19	72	21	21	22	16	19	19	22	17	19
19	16	16	21	20	21	14	18	20	23	37	20	17	1001	18	18
21	21	16	19	21	19	15	16	18	23	26	112	42	31	39	20
17	27	18	203	236	75	43	19	22	21	18	21	29	21	18	19
19	21	16	22	22	20	19	16	19	51	971	76	40	76	86	54
21	22	15	22	21	19	16	15	20	31	1178	72	26	57	71	43
21	21	17	502	20	19	18	17	18	22	16	21	21	22	16	17
833	19	16	20	21	19	16	18	21	24	17	21	17	20	15	16
18	22	16	20	23	20	16	17	20	25	278	34	21	22	36	27
19	21	16	20	18	19	19	15	18	41	62	24	21	24	77	575
20	21	16	21	22	18	16	16	18	66	21	34	34	28	20	99
17	18	16	20	22	17	16	18	19	24	252	51	23	30	34	20
19	20	16	22	25	17	14	15	19	52	149	71	239	347	51	21
25	1615	16	21	24	34	29	39	18	21	17	20	20	21	17	20
19	24	17	113	136	80	36	20	20	21	16	21	19	22	16	18
19	100	16	81	49	128	472	24	17	20	16	20	30	22	16	22
22	72	18	43	31	25	18	49	19	24	16	22	19	25	16	16
21	584	17	19	20	17	18	21	17	22	18	20	18	21	17	17
20	21	16	19	20	18	17	18	17	55	40	34	29	29	30	55
20	143	17	21	20	28	20	30	20	22	19	20	19	22	15	18
19	22	15	21	18	18	18	16	21	23	69	52	44	26	29	22
297	18	16	21	23	18	16	18	23	22	15	19	20	20	18	19
20	19	15	23	20	18	19	20	20	227	17	20	20	27	19	17
20	51	16	70	73	284	118	26	21	22	18	21	22	20	17	17
20	21	16	22	21	21	16	15	21	31	113	217	183	68	75	33
20	21	15	53	192	69	20	18	18	23	18	20	21	19	16	18
20	21	15	27	24	430	15	17	18	23	14	21	26	21	18	17
20	22	16	20	18	16	16	17	20	64	48	26	32	34	29	39
21	21	16	21	21	17	16	20	19	43	103	54	53	59	87	38
19	241	16	21	26	32	21	39	21	22	18	23	20	22	18	16
20	24	16	23	20	19	276	17	21	23	17	21	18	22	18	17
21	20	17	21	22	19	17	18	20	35	28	25	20	21	20	907
18	20	16	19	17	16	16	16	18	21	34	22	23	142	17	17
18	17	17	22	19	19	17	16	21	28	56	23	25	61	47	17
20	19	15	234	20	20	16	18	19	23	15	19	18	19	18	19
21	36	16	68	21	29	19	32	19	22	17	21	19	21	18	18
43	22	16	28	23	19	16	18	18	169	20	21	48	55	35	60
242	29	16	29	35	28	19	17	92	27	18	24	35	28	18	18
19	20	16	21	22	255	17	19	20	23	15	20	20	22	17	18
20	21	16	20	20	19	18	16	19	48	1372	38	29	45	46	44
20	18	17	19	21	17	16	20	20	23	43	29	33	31	25	18
21	17	15	19	21	19	16	19	18	23	33	21	57	42	21	20
75	81	17	36	46	41	16	55	28	21	16	23	31	21	16	17
21	105	16	64	36	59	381	40	20	23	19	19	24	21	16	16
22	78	15	54	64	163	377	26	19	22	16	21	27	20	17	18
26	87	16	46	29	30	16	93	21	22	17	19	26	21	19	18
19	19	16	20	18	17	17	16	20	29	45	30	28	30	39	27
20	17	16	18	23	16	20	18	19	22	28	53	126	33	29	17
43	455	15	142	117	127	99	573	23	22	18	21	31	25	19	19
29	1252	15	29	32	58	52	60	18	22	19	21	26	20	19	16
57	22	15	34	20	18	16	17	38	20	16	19	28	42	17	24
51	21	16	32	26	18	16	19	101	24	16	24	25	25	16	22
21	28	16	41	83	516	17	18	21	22	16	22	18	21	17	18
21	21	16	23	34	17	18	17	19	29	95	47	879	469	24	19
19	19	15	22	17	19	16	17	16	22	53	25	20	188	19	17
20	20	15	29	157	23	16	20	18	22	16	20	19	20	16	18
18	38	15	43	24	70	50	18	20	21	17	21	20	20	18	20
19	19	17	19	19	17	17	17	20	21	31	27	20	31	59	19
49	658	17	67	78	124	84	155	29	25	17	33	28	21	16	18
19	20	17	126	20	24	35	21	21	22	18	20	21	22	18	20
20	41	16	29	22	18	17	752	21	23	21	20	21	21	19	18
22	22	17	22	20	425	17	17	19	23	16	19	20	21	20	20
34	16	18	35	19	18	17	16	70	24	15	22	32	38	19	28
26	76	17	39	27	18	20	138	21	23	18	20	20	24	17	16
80	20	17	42	23	20	16	19	330	27	15	23	27	55	17	31
18	40	17	23	18	19	304	18	18	25	18	19	19	21	18	19
152	22	17	21	24	21	17	22	33	24	16	21	23	21	17	18
48	38	17	30	24	21	15	25	30	22	18	22	19	23	18	17
18	19	16	20	20	18	345	17	19	23	16	23	19	23	19	17
18	19	17	21	19	19	16	17	22	32	2554	25	30	39	41	37
19	31	15	32	21	23	49	54	19	23	16	21	18	20	17	18
19	20	17	22	19	18	16	19	20	21	30	23	20	157	19	18
21	1264	18	22	22	19	18	25	19	20	16	21	18	22	19	18
20	67	17	40	26	29	21	92	20	23	20	21	22	22	20	17
1436	23	15	22	29	54	16	35	52	32	19	44	35	18	16	17
19	21	16	20	18	18	18	16	20	24	53	22	21	27	279	17
17	21	17	20	18	18	18	18	20	24	23	77	20	22	25	20
20	18	15	18	20	18	18	14	21	36	2915	30	24	49	46	53
20	20	16	20	31	19	17	19	21	27	137	73	25	60	81	42
19	22	16	21	19	19	16	16	20	47	134	61	22	77	227	23
27	20	16	26	21	17	18	18	22	63	24	22	40	56	37	62
45	47	17	54	31	18	17	25	20	21	17	21	26	22	18	19
20	19	16	22	65	81	17	16	18	22	18	23	21	21	16	17
19	67	16	51	20	18	25	36	19	20	16	21	21	25	16	17
20	100	16	26	28	20	16	32	20	24	16	21	20	20	17	17
20	18	16	21	21	16	17	17	20	74	46	36	31	34	29	87
19	20	16	19	20	19	15	17	21	49	80	42	37	42	190	47
19	17	17	21	20	18	19	19	20	25	116	57	167	103	51	22
21	20	16	23	22	20	17	18	19	25	321	36	20	32	28	29
174	21	17	18	27	40	16	24	33	18	14	32	28	21	17	18
20	20	16	21	19	16	16	18	21	23	39	20	19	352	20	19
20	19	17	19	20	19	17	17	19	24	29	37	32	38	24	18
19	19	15	21	21	20	17	18	21	26	284	24	17	28	30	19
23	16	16	22	29	17	20	18	22	509	23	20	24	42	34	34
22	18	16	21	20	18	16	20	20	35	41	31	31	28	52	52
21	19	16	24	18	19	18	15	19	45	40	29	24	23	31	19
31	107	16	59	37	29	27	332	18	23	19	21	19	19	17	17
89	1216	19	165	127	110	114	484	18	21	15	31	51	38	18	18
19	23	16	21	22	18	18	18	18	25	19	128	20	21	19	16
30	21	17	30	21	18	16	17	157	21	16	21	19	24	19	17
240	40	16	20	22	31	17	32	41	25	18	28	25	20	16	17
53	18	17	19	20	18	17	17	23	28	17	23	31	29	16	28
67	21	15	26	24	22	16	18	40	38	16	28	32	33	19	41
20	21	17	21	20	16	17	16	19	112	16	22	20	22	19	18
18	20	16	23	19	19	17	17	19	26	33	159	24	30	34	19
18	18	16	18	20	17	17	18	19	56	51	32	30	36	55	188
53	34	16	31	30	19	17	18	116	22	15	20	21	27	18	20
18	19	16	22	18	19	17	17	20	26	95	57	1547	71	41	21
332	56	16	45	50	32	17	21	246	54	25	39	74	88	29	41
175	50	17	63	37	33	16	16	123	36	23	23	54	77	28	72
19	82	16	40	31	126	238	20	18	21	16	21	21	22	16	17
20	251	16	22	20	21	18	18	20	23	16	20	19	19	20	20
84	19	16	29	33	21	17	17	31	38	19	29	32	22	19	21
150	18	16	27	26	23	19	16	53	25	17	27	36	20	16	19
18	19	17	22	17	19	17	18	19	71	20	24	38	31	22	30
21	18	17	19	20	19	15	18	21	55	25	28	25	21	26	68
41	21	17	22	21	20	18	18	172	23	18	19	21	32	19	20
21	18	16	22	21	20	17	17	18	25	95	249	40	40	75	37
21	20	15	21	18	17	16	17	20	26	40	21	20	19	43	60
19	23	16	20	19	17	17	18	18	21	30	393	19	21	40	21
22	19	16	21	24	20	16	17	18	103	1199	113	105	144	134	96
19	41	17	48	30	38	36	18	19	21	18	20	20	24	18	18
32	20	15	20	20	18	18	17	20	52	26	28	35	26	30	60
20	23	16	21	23	224	16	18	19	22	17	20	20	20	16	19
42	163	18	209	745	302	318	460	20	22	17	22	48	26	18	19
951	37	16	67	102	105	19	40	160	863	115	83	169	132	93	161
20	20	17	56	75	61	34	16	20	21	18	20	19	21	20	20
21	21	17	18	20	18	18	17	21	176	17	21	19	22	23	32
38	18	16	23	31	19	16	15	21	150	34	37	52	78	42	121
20	20	16	27	19	20	16	18	20	30	46	1283	101	45	52	21
20	19	16	55	75	22	23	16	19	23	18	21	21	22	19	17
52	508	14	133	85	103	64	419	20	23	18	23	29	27	18	15
20	1465	17	20	19	29	19	23	19	22	18	23	21	21	18	17
20	61	17	41	44	57	25	28	22	21	17	21	21	21	15	17
20	19	16	20	20	18	19	16	20	23	248	34	20	21	27	22
18	23	16	33	58	100	17	15	21	23	16	23	21	22	16	18
20	23	16	21	21	18	15	18	21	28	31	21	18	21	102	16
17	23	15	20	21	20	17	16	23	28	79	44	59	53	45	18
20	36	17	38	23	21	710	23	19	23	17	20	19	22	17	19
18	18	17	18	20	289	19	18	21	23	18	19	19	22	16	18
18	56	17	53	34	33	39	33	20	22	19	22	20	21	15	17
20	20	16	21	19	20	17	17	20	68	121	60	56	64	131	89
30	379	16	73	59	72	41	72	18	22	17	26	24	21	19	19
20	19	15	28	58	34	18	18	28	143	752	204	715	307	838	1101
77	54	16	41	40	27	17	20	73	22	16	21	20	26	17	16
19	17	17	20	19	17	16	17	20	22	27	22	20	22	292	21
18	21	16	21	31	19	16	18	19	38	77	39	651	929	33	19
20	51	17	56	66	82	56	32	19	23	17	21	21	21	18	15
20	16	16	21	21	19	16	18	20	27	41	24	22	23	65	56
21	16	17	22	21	18	18	16	20	26	329	78	32	48	45	27
19	20	16	19	20	18	15	16	20	42	32	38	22	22	17	78
20	20	17	56	167	123	28	18	19	25	19	22	19	21	17	16
19	24	16	20	34	25	16	18	20	140	552	130	124	190	908	72
29	69	16	30	32	22	19	55	17	21	18	21	19	21	20	18
30	182	15	33	46	56	31	64	24	23	15	27	24	20	17	18
43	20	15	35	51	43	19	18	57	331	97	81	118	82	70	226
20	18	17	19	21	19	16	16	19	22	24	30	121	22	20	16
20	61	21	630	340	1218	92	48	17	23	18	26	50	29	17	19
19	18	17	35	82	376	16	18	21	23	15	20	24	22	16	18
123	30	16	38	24	18	15	18	115	25	17	21	44	60	23	31
18	19	15	24	17	18	16	16	18	24	17	24	314	20	19	19
355	21	15	22	17	18	16	17	18	22	16	20	18	20	18	17
23	39	15	36	19	18	20	607	19	22	18	21	19	20	17	18
23	17	16	22	21	16	16	18	20	92	41	37	38	46	31	140
19	22	15	22	27	519	17	16	20	23	15	21	19	18	17	17
19	37	16	48	62	508	35	19	20	24	16	20	23	20	19	20
20	20	17	21	22	17	16	19	20	204	18	23	21	22	27	27
167	21	15	23	20	22	17	17	20	21	16	20	18	18	20	18
20	20	16	20	609	16	16	18	21	20	17	20	21	21	19	18
21	20	16	22	20	18	19	17	20	24	56	75	59	35	38	18
18	79	15	29	21	34	31	35	20	22	17	20	21	20	18	19
17	18	16	22	34	21	17	15	21	66	191	107	1632	260	323	40
19	18	17	20	21	18	15	25	19	33	41	30	21	35	142	33
21	20	16	23	20	18	16	16	20	28	32	24	19	23	26	50
19	21	15	22	19	19	17	18	19	53	38	23	25	25	30	27
20	20	15	20	20	18	17	17	19	24	39	23	26	146	23	18
20	19	16	21	18	19	16	16	21	23	27	71	25	25	31	19
19	26	16	128	21	28	28	21	19	19	19	21	20	20	16	19
20	36	16	24	21	26	90	20	20	22	17	22	19	21	17	18
20	19	15	21	22	20	18	18	21	44	57	30	22	25	169	41
23	42	17	65	108	1856	34	23	21	23	17	23	33	23	18	19
19	17	16	20	18	17	18	17	20	46	86	34	40	39	52	42
19	16	17	19	20	18	15	19	18	61	73	38	32	37	40	73
18	20	17	19	21	19	17	17	21	42	34	28	28	23	32	54
20	20	17	639	19	19	28	19	19	21	18	18	22	22	16	19
19	21	17	19	21	17	18	17	150	20	20	22	20	22	19	18
19	17	16	21	20	15	18	20	21	21	19	1447	17	24	32	19
20	24	17	51	48	33	35	18	18	23	19	19	19	21	18	18
19	21	15	26	26	24	17	16	18	60	674	280	166	308	372	56
80	576	16	146	96	75	38	1268	21	24	19	24	50	26	18	17
19	18	17	22	21	194	17	18	19	23	18	19	20	22	18	19
22	23	16	21	19	16	19	19	17	43	63	32	45	37	35	21
20	22	17	23	19	18	15	17	20	24	39	21	20	159	19	18
19	19	16	21	18	18	18	18	20	25	17	20	257	20	13	19
265	24	16	20	24	20	16	20	24	25	17	19	19	19	18	21
33	158	17	64	40	41	22	122	19	22	16	21	30	30	16	18
19	22	17	20	23	189	18	19	21	25	19	22	20	21	16	17
23	20	16	27	21	16	16	18	177	20	16	19	22	26	18	19
18	21	16	20	19	19	17	16	20	35	147	41	41	38	44	32
1448	40	16	27	29	41	34	55	40	27	18	38	30	22	18	19
792	18	16	20	19	21	16	18	20	28	17	20	21	23	17	19
19	20	16	18	20	16	17	17	19	22	15	232	19	19	22	18
20	18	16	19	21	16	15	19	18	28	75	30	38	80	32	16
19	107	16	64	51	41	62	64	20	23	17	24	22	21	17	17
19	21	16	38	160	65	17	20	20	22	16	22	28	20	16	19
20	68	16	47	45	192	312	19	21	23	17	19	19	22	17	18
21	19	18	23	33	20	17	15	18	25	81	570	477	64	111	34
20	22	17	20	20	17	16	20	19	94	15	20	21	21	18	34
21	19	17	20	22	18	16	20	146	24	17	21	19	23	17	18
18	19	16	18	18	17	17	16	21	129	49	25	38	35	37	37
43	206	16	100	58	49	54	658	21	22	16	21	38	22	15	18
20	38	17	25	19	15	16	139	19	21	15	20	19	21	19	18
20	18	16	23	21	19	17	16	21	55	71	31	24	38	1131	32
126	19	17	22	28	28	16	21	33	23	16	23	22	22	17	17
97	22	16	51	35	20	18	17	71	86	18	27	47	86	36	87
20	22	17	43	349	27	19	20	19	23	19	22	21	22	17	17
20	141	16	21	22	28	16	22	19	22	16	21	20	22	15	17
20	75	20	193	73	90	78	44	18	23	15	21	23	21	15	18
50	41	16	37	25	18	18	19	37	22	18	22	22	26	20	18
20	745	16	19	18	23	18	21	21	21	16	19	19	23	15	16
19	22	16	519	25	19	21	20	21	23	18	20	25	21	19	20
